=== Bodega Cats ===

  PLAYER                    G     PPG   RPG   APG   SPG   BPG   FG%   3P%  
  ----------------------------------------------------------------------
  Big Clip Ron              19    24.5  0.7   2.5   1.9   0.1   67.8  62.1 
  BIGSPEAKER2x              6     13.8  0.8   2.0   1.0   0.0   69.8  67.7 
  BR0NX 718                 1     10.0  0.0   10.0  0.0   0.0   57.1  40.0 
  Cager                     1     7.0   3.0   0.0   0.0   0.0   30.0  14.3 
  GK1LLER77                 28    17.1  0.6   2.6   0.7   0.0   53.2  48.4 
  Goldenboy YP              55    20.1  0.9   8.8   0.8   0.0   55.8  50.5 
  Henrock                   3     15.0  12.0  2.0   0.7   0.3   75.0  100.0
  I vJuiceWrld              2     6.5   0.5   2.5   1.5   0.5   55.6  50.0 
  IVIr SyN                  7     7.1   6.9   1.4   0.3   0.0   52.8  44.4 
  Jay Nice                  8     9.0   0.5   1.2   1.6   0.0   56.2  52.9 
  o_ihoop5_o                36    9.8   0.5   5.2   3.6   0.3   57.1  49.6 
  OckTheShooter             12    15.4  0.7   2.1   1.9   0.0   56.2  48.1 
  Rah                       3     7.3   1.7   3.3   0.7   0.3   44.4  46.2 
  Scottieontv               25    6.7   9.7   2.7   0.5   0.5   62.0  28.6 
  T2E xLOUx X6              50    9.0   10.4  2.6   0.8   0.6   62.9  48.7 
  TANdurANT                 21    13.5  3.1   1.3   1.7   0.2   50.9  49.2 

=== Before The Fame ===

  PLAYER                    G     PPG   RPG   APG   SPG   BPG   FG%   3P%  
  ----------------------------------------------------------------------
  JayoTooCold               5     10.2  2.0   1.4   2.4   0.2   67.5  66.7 
  Kompetxtive               8     11.6  8.4   3.4   1.0   0.1   78.8  64.3 
  lilglizz                  1     30.0  1.0   3.0   2.0   0.0   78.6  66.7 
  OhDonn                    2     8.5   3.5   2.5   1.5   0.0   53.8  42.9 
  Orbit Splash              7     14.4  0.4   1.6   1.0   0.1   80.0  83.3 
  TheOnlyStun               8     15.6  0.1   6.4   0.9   0.0   45.5  38.2 
  Wheres Piiii              1     3.0   1.0   0.0   0.0   0.0   100.0 100.0
  xkingsworld               8     4.2   3.5   3.1   1.4   0.1   48.3  30.0 

=== On Site ===

  PLAYER                    G     PPG   RPG   APG   SPG   BPG   FG%   3P%  
  ----------------------------------------------------------------------
  AintThatOurBall           4     7.2   10.5  3.2   1.0   0.5   37.0  31.2 
  Amoon                     30    7.8   3.9   1.7   2.1   0.6   55.7  54.0 
  BronneJames               2     6.0   2.0   1.5   1.5   0.0   80.0  80.0 
  Chuba                     43    9.8   11.3  3.3   0.7   0.1   68.3  31.3 
  IlDosh                    43    25.8  0.1   2.7   2.0   0.0   55.1  53.5 
  llJMAR                    40    9.3   1.1   2.0   2.4   0.1   64.0  53.2 
  P7Precise                 43    13.7  0.2   6.7   0.4   0.0   46.2  45.3 
  Separatin                 3     9.0   0.7   1.3   2.0   0.0   55.0  30.0 
  Shootnoss                 2     1.5   4.5   1.5   1.0   1.5   33.3  50.0 
  xSoldK                    4     5.0   2.0   1.5   1.2   0.2   46.7  54.5 

=== State Mafia ===

  PLAYER                    G     PPG   RPG   APG   SPG   BPG   FG%   3P%  
  ----------------------------------------------------------------------
  Souiflame                 0     0.0   0.0   0.0   0.0   0.0   0.0   0.0  
  WinningNGaining           1     9.0   14.0  4.0   1.0   0.0   66.7  0.0  

=== Team Solidified ===

  PLAYER                    G     PPG   RPG   APG   SPG   BPG   FG%   3P%  
  ----------------------------------------------------------------------
  Bliikie                   0     0.0   0.0   0.0   0.0   0.0   0.0   0.0  
  Crodie                    3     7.3   8.0   1.7   1.7   0.3   78.6  0.0  
  nxtgenstreetTTTV          3     5.0   3.7   2.7   1.7   0.0   42.9  37.5 
  StopFifty                 3     21.3  0.3   7.3   0.7   0.0   60.5  63.2 
  StopFreaky                3     6.0   0.0   0.7   0.7   0.0   53.8  50.0 
  what bliik                3     14.7  0.0   2.7   2.3   0.0   56.7  47.6 

=== Vulture Island GM ===

  PLAYER                    G     PPG   RPG   APG   SPG   BPG   FG%   3P%  
  ----------------------------------------------------------------------
  He Got Dior               2     12.5  19.5  6.0   2.0   0.0   92.3  100.0
  iJack3s                   2     21.0  0.0   5.5   0.5   0.0   31.9  31.4 
  Nxtionz                   2     20.5  0.5   2.5   1.0   0.0   61.5  52.9 
  Sixtapesss                0     0.0   0.0   0.0   0.0   0.0   0.0   0.0  
  Youbots                   0     0.0   0.0   0.0   0.0   0.0   0.0   0.0  
  ZayDPOY                   2     7.0   3.0   1.5   2.0   0.5   55.6  50.0 

=== Capitol City Cats ===

  PLAYER                    G     PPG   RPG   APG   SPG   BPG   FG%   3P%  
  ----------------------------------------------------------------------
  aWhyHeSoNice              1     13.0  2.0   3.0   1.0   0.0   29.4  37.5 
  HateePatty                2     22.0  0.0   10.5  0.5   0.0   60.7  58.8 
  IIICardo                  3     8.7   4.3   1.0   2.3   0.3   52.9  42.9 
  IINineII                  3     11.3  0.3   2.3   3.0   0.3   60.0  57.1 
  IRaXkZzI                  2     6.5   0.5   2.0   0.5   0.5   37.5  14.3 
  Kinzo Trip7               1     22.0  0.0   6.0   0.0   0.0   45.0  33.3 
  ScottieBarney             3     18.7  0.3   2.0   1.0   0.0   55.9  59.1 
  Shawnj98_                 4     7.2   1.0   1.0   1.2   0.0   75.0  42.9 
  xHoodyTOONx               1     13.0  0.0   4.0   1.0   0.0   62.5  75.0 

=== Liquid Pro Am ===

  PLAYER                    G     PPG   RPG   APG   SPG   BPG   FG%   3P%  
  ----------------------------------------------------------------------
  AntDontMiss               1     8.0   15.0  3.0   0.0   0.0   66.7  0.0  
  antoinelove               8     14.9  0.5   7.9   1.4   0.0   42.0  41.9 
  Bamdagoat                 3     16.3  5.3   4.0   2.0   0.0   59.3  41.7 
  DianaTejadaa              5     8.4   2.0   2.0   2.0   0.0   40.5  29.6 
  EffieMorales              8     10.2  4.8   1.4   2.8   0.4   49.2  44.2 
  Flukelock                 0     0.0   0.0   0.0   0.0   0.0   0.0   0.0  
  FreeSynnRWE               1     15.0  0.0   1.0   0.0   0.0   85.7  75.0 
  I-Deezyy-                 2     9.0   11.0  4.5   1.0   0.5   100.0 0.0  
  JaySnagss                 4     8.0   12.5  3.2   1.2   0.8   63.6  20.0 
  TearitOffEm               4     28.5  0.2   3.8   2.2   0.0   56.3  51.6 
  Zayy                      3     12.3  1.0   2.7   1.3   0.0   55.6  42.9 

=== Undisputed ===

  No players found

=== Breakout Gaming ===

  PLAYER                    G     PPG   RPG   APG   SPG   BPG   FG%   3P%  
  ----------------------------------------------------------------------
  DatBoyDimez               3     8.7   7.3   4.3   0.7   0.7   47.8  28.6 
  DjayTooCold               3     6.3   3.0   1.0   1.7   0.7   57.1  42.9 
  ImGloski                  3     5.7   5.3   1.3   0.0   0.3   70.0  60.0 
  JohhnyRed_                3     15.3  0.0   2.7   0.7   0.0   67.9  57.1 
  xHoodieKyy                3     17.0  0.3   6.7   1.0   0.0   55.9  52.6 

=== UP THE SCORE ===

  PLAYER                    G     PPG   RPG   APG   SPG   BPG   FG%   3P%  
  ----------------------------------------------------------------------
  CoMalone                  5     8.6   5.4   1.2   2.4   0.4   46.9  52.0 
  Lil Kahn                  1     30.0  1.0   4.0   1.0   0.0   58.8  54.5 
  PapasPlugged              5     24.6  0.2   5.6   1.8   0.0   47.8  52.5 
  Plucknoss                 1     6.0   16.0  8.0   1.0   0.0   50.0  0.0  
  tsnotfun                  4     12.8  0.5   3.0   0.8   0.5   53.3  55.6 
  Xceptionals               4     7.2   1.0   1.2   3.0   0.5   52.2  35.7 

=== Glue Guys ===

  PLAYER                    G     PPG   RPG   APG   SPG   BPG   FG%   3P%  
  ----------------------------------------------------------------------
  cknight1522               1     10.0  12.0  3.0   0.0   1.0   66.7  0.0  
  Easy Macaroni             4     13.0  11.0  2.8   0.2   0.8   82.8  0.0  
  JJBaretta                 4     17.2  0.2   2.2   0.5   0.0   64.1  56.0 
  Perk Benoit               1     0.0   0.0   0.0   3.0   0.0   0.0   0.0  
  Rentoneal                 3     5.7   2.0   1.0   2.3   0.3   57.1  14.3 
  vNoVision                 5     18.8  0.8   11.2  0.6   0.0   48.6  37.2 
  xKezzamo                  5     9.2   1.0   0.6   0.6   0.0   56.8  38.5 

=== The Takeover ===

  PLAYER                    G     PPG   RPG   APG   SPG   BPG   FG%   3P%  
  ----------------------------------------------------------------------
  BigGloPrince              6     4.2   0.3   0.5   0.3   0.0   57.9  33.3 
  Ice da berg               0     0.0   0.0   0.0   0.0   0.0   0.0   0.0  
  Keylofading               6     18.5  0.5   7.7   0.2   0.0   42.9  44.1 
  MrNikeCash                6     11.8  10.7  3.8   0.8   0.3   78.6  66.7 
  Noo spacee                6     7.7   6.0   2.3   2.0   1.2   62.1  58.8 
  NovaAssazzin              6     19.5  0.3   2.3   1.5   0.0   59.7  54.8 

=== Grow Ya Game ===

  PLAYER                    G     PPG   RPG   APG   SPG   BPG   FG%   3P%  
  ----------------------------------------------------------------------
  Diffrrent                 1     7.0   0.0   8.0   0.0   0.0   42.9  33.3 
  EliteCloyd                0     0.0   0.0   0.0   0.0   0.0   0.0   0.0  
  KaylaMcBride              1     9.0   4.0   1.0   1.0   0.0   100.0 100.0
  sendthemtohall            1     8.0   0.0   0.0   1.0   0.0   60.0  66.7 
  slideforbro               1     12.0  10.0  1.0   0.0   0.0   54.5  0.0  
  WickSaban                 1     18.0  0.0   3.0   1.0   0.0   70.0  57.1 

=== GabbaGhouls ===

  PLAYER                    G     PPG   RPG   APG   SPG   BPG   FG%   3P%  
  ----------------------------------------------------------------------
  ChubbyPuff                4     12.8  15.2  4.8   0.2   0.5   60.0  46.7 
  LarrayBurr                1     0.0   0.0   0.0   0.0   0.0   0.0   0.0  
  LouBoogieYK               4     7.5   7.0   0.2   0.5   0.5   40.7  36.4 
  Mikeyyyy                  1     0.0   0.0   0.0   0.0   0.0   0.0   0.0  
  Tanhand                   4     8.8   0.5   2.0   2.2   0.2   42.9  52.4 
  Theansvver                4     14.8  0.5   11.2  0.8   0.0   61.5  64.3 
  WebcamBoy3in234           4     19.8  0.2   2.8   0.5   0.0   54.0  51.4 

=== Full Court Press ===

  PLAYER                    G     PPG   RPG   APG   SPG   BPG   FG%   3P%  
  ----------------------------------------------------------------------
  albert0417                0     0.0   0.0   0.0   0.0   0.0   0.0   0.0  
  amber0417                 4     20.0  15.0  3.5   1.2   0.0   50.9  50.0 
  antiks                    0     0.0   0.0   0.0   0.0   0.0   0.0   0.0  
  DiamondFlame              4     7.0   11.0  4.8   0.0   0.2   37.5  42.9 
  Gsugar                    0     0.0   0.0   0.0   0.0   0.0   0.0   0.0  
  Ntheilig                  0     0.0   0.0   0.0   0.0   0.0   0.0   0.0  
  Stormrooprfinn            4     13.5  12.8  3.5   0.0   0.5   40.0  29.4 
  SugarShane                2     3.0   0.0   7.5   1.0   0.0   40.0  25.0 
  WhoCapalot                3     20.0  0.7   1.7   1.7   0.0   44.7  41.9 

=== General Population ===

  PLAYER                    G     PPG   RPG   APG   SPG   BPG   FG%   3P%  
  ----------------------------------------------------------------------
  BraydenWestonn            0     0.0   0.0   0.0   0.0   0.0   0.0   0.0  
  Fee1Pa1n-                 0     0.0   0.0   0.0   0.0   0.0   0.0   0.0  
  ItsBop                    0     0.0   0.0   0.0   0.0   0.0   0.0   0.0  
  lICompy                   0     0.0   0.0   0.0   0.0   0.0   0.0   0.0  
  lmSIeep                   0     0.0   0.0   0.0   0.0   0.0   0.0   0.0  
  Pax2300                   0     0.0   0.0   0.0   0.0   0.0   0.0   0.0  
  TheLifeOfChi              0     0.0   0.0   0.0   0.0   0.0   0.0   0.0  
  xxHushxx-                 0     0.0   0.0   0.0   0.0   0.0   0.0   0.0  

=== Generation of Miracles ===

  PLAYER                    G     PPG   RPG   APG   SPG   BPG   FG%   3P%  
  ----------------------------------------------------------------------
  AdolfHitner               5     17.8  1.8   5.2   0.6   0.0   48.5  45.2 
  BenSkywalker              11    14.7  0.6   5.5   1.5   0.0   45.9  39.5 
  BlumbergBoyz              11    11.4  13.1  3.5   0.4   0.3   62.4  0.0  
  ByronRussel               2     13.5  1.5   0.5   3.5   0.5   66.7  57.1 
  DrenchGod919              2     18.0  0.0   8.5   1.0   0.0   63.6  50.0 
  He Move Cut               3     6.7   1.3   1.0   0.7   0.7   60.0  28.6 
  JoexIngIes                2     11.0  0.0   6.5   1.0   0.0   44.4  41.7 
  LeSav James               3     12.3  0.0   1.3   1.0   0.0   56.0  50.0 
  llpotential               0     0.0   0.0   0.0   0.0   0.0   0.0   0.0  
  llsioll                   0     0.0   0.0   0.0   0.0   0.0   0.0   0.0  
  papercutprone             11    10.3  1.5   2.0   2.5   0.2   61.3  44.1 
  PlsDontSlip               13    10.8  4.2   1.5   1.7   0.5   57.8  53.2 
  sigswt                    0     0.0   0.0   0.0   0.0   0.0   0.0   0.0  
  supa shyne                11    8.5   0.2   2.6   1.6   0.0   33.0  29.3 
  xoJask                    3     8.7   14.3  4.3   0.3   0.3   76.5  0.0  

=== High Octane ===

  PLAYER                    G     PPG   RPG   APG   SPG   BPG   FG%   3P%  
  ----------------------------------------------------------------------
  DaFamousGoat              13    6.7   4.8   1.8   0.6   0.4   51.8  48.7 
  II_Quaa_II                15    11.4  3.2   2.7   1.1   0.1   53.4  47.9 
  IIlyWooll                 20    11.4  0.7   0.9   1.1   0.2   51.5  51.4 
  Imthepringleman           1     3.0   0.0   2.0   0.0   0.0   20.0  25.0 
  iMxWORK                   19    19.4  1.7   6.8   1.4   0.1   47.0  40.3 
  LLRXNDO                   10    10.3  2.6   3.2   0.2   0.1   44.2  43.4 
  oTHiLL                    7     13.3  0.1   3.3   1.7   0.0   46.0  44.4 
  TayneJr                   4     8.8   0.8   5.0   0.5   0.2   35.0  25.0 
  TruDe3mon                 17    9.5   12.1  2.0   0.8   0.5   65.4  50.0 

=== Lights Out ===

  PLAYER                    G     PPG   RPG   APG   SPG   BPG   FG%   3P%  
  ----------------------------------------------------------------------
  FatNiinja_                43    5.3   3.8   1.9   1.7   0.4   48.4  49.6 
  Gen                       0     0.0   0.0   0.0   0.0   0.0   0.0   0.0  
  HitFlu                    44    12.5  0.5   1.0   2.0   0.3   58.8  49.0 
  itZGmac                   37    27.6  0.1   3.1   1.6   0.0   50.8  51.3 
  NumbaNine                 0     0.0   0.0   0.0   0.0   0.0   0.0   0.0  
  Owitzkii                  1     8.0   12.0  0.0   0.0   1.0   80.0  0.0  
  ReallyTM                  44    16.1  0.5   6.6   0.8   0.0   55.8  48.4 
  xFatboyTrae               43    7.2   14.7  4.8   0.3   0.3   71.6  0.0  
  Yepeville                 6     23.8  0.0   2.8   0.8   0.0   60.7  57.4 

=== Liquid Underground ===

  PLAYER                    G     PPG   RPG   APG   SPG   BPG   FG%   3P%  
  ----------------------------------------------------------------------
  GuardJdog                 2     27.5  0.5   8.5   4.0   0.0   48.8  42.3 
  JackNFo                   18    9.3   13.3  5.6   0.8   0.4   78.4  0.0  
  Jules TwD                 9     22.7  0.2   3.0   0.6   0.1   54.1  51.9 
  Mav 39 Ace                7     9.0   0.6   1.1   1.1   0.1   67.5  53.3 
  MindofTrey                2     18.5  0.5   4.5   0.5   0.0   54.5  60.0 
  Mxntay                    7     10.1  15.0  3.3   0.9   0.4   94.6  0.0  
  Niyner                    1     9.0   1.0   0.0   5.0   0.0   44.4  20.0 
  RayCapalot                2     12.5  0.5   2.0   4.5   0.0   69.2  80.0 
  RayRayCBG                 2     21.0  0.5   6.5   2.0   0.0   57.7  57.9 
  RN Locks                  6     7.5   1.2   1.3   2.7   0.2   68.0  37.5 
  RUN N DUNK                4     17.2  15.5  3.8   1.2   0.0   74.4  100.0
  ScamTutorials             1     0.0   0.0   3.0   3.0   0.0   0.0   0.0  
  ThyReelManny              15    10.9  4.5   1.9   1.7   0.3   50.0  49.4 
  UltimateKrabz             11    19.1  1.3   9.7   0.8   0.2   46.1  43.1 
  xDoov                     4     23.0  0.2   2.8   1.8   0.0   68.8  64.5 

=== NO LOVE ===

  PLAYER                    G     PPG   RPG   APG   SPG   BPG   FG%   3P%  
  ----------------------------------------------------------------------
  973                       0     0.0   0.0   0.0   0.0   0.0   0.0   0.0  
  DuhKlawTTV                4     5.0   5.5   1.0   0.8   0.8   34.8  36.4 
  fred                      0     0.0   0.0   0.0   0.0   0.0   0.0   0.0  
  GINGRFREDMEN              4     16.5  0.0   2.2   1.0   0.0   48.1  43.2 
  HGGAME                    4     26.0  0.8   7.2   1.0   0.0   51.3  45.2 
  iStamped                  4     4.5   6.0   2.0   1.0   0.2   37.5  40.0 
  lStampedl                 0     0.0   0.0   0.0   0.0   0.0   0.0   0.0  
  NIN3 S3V3N THR33          4     12.8  12.2  4.0   0.2   0.5   80.6  50.0 

=== Nothing Less ===

  PLAYER                    G     PPG   RPG   APG   SPG   BPG   FG%   3P%  
  ----------------------------------------------------------------------
  DenyClout                 1     4.0   12.0  4.0   1.0   0.0   66.7  0.0  
  FrankWaters               4     12.8  1.8   19.5  1.2   0.8   40.8  29.0 
  lFrankwatersl             0     0.0   0.0   0.0   0.0   0.0   0.0   0.0  
  NTX redrum                4     9.8   4.2   1.5   2.0   0.0   57.7  47.1 
  The_Colt45_               0     0.0   0.0   0.0   0.0   0.0   0.0   0.0  
  Tm_Richhomie              4     12.8  0.2   3.0   4.0   0.0   52.6  47.8 
  WhyBeVinceK               4     26.2  0.2   4.8   3.5   0.0   69.0  58.1 

=== In Charge 2K ===

  PLAYER                    G     PPG   RPG   APG   SPG   BPG   FG%   3P%  
  ----------------------------------------------------------------------
  BullyWxrld                0     0.0   0.0   0.0   0.0   0.0   0.0   0.0  
  Defensive1stTeam          0     0.0   0.0   0.0   0.0   0.0   0.0   0.0  
  EBKJIM                    0     0.0   0.0   0.0   0.0   0.0   0.0   0.0  
  Hizdom                    0     0.0   0.0   0.0   0.0   0.0   0.0   0.0  
  ImGerskii                 0     0.0   0.0   0.0   0.0   0.0   0.0   0.0  
  Monty                     0     0.0   0.0   0.0   0.0   0.0   0.0   0.0  

=== Ball in Peace ===

  PLAYER                    G     PPG   RPG   APG   SPG   BPG   FG%   3P%  
  ----------------------------------------------------------------------
  DTrick                    0     0.0   0.0   0.0   0.0   0.0   0.0   0.0  
  Igymo                     1     11.0  4.0   2.0   1.0   0.0   50.0  50.0 
  kjsplvsh                  1     7.0   0.0   5.0   1.0   0.0   37.5  20.0 
  KmoneyGV                  0     0.0   0.0   0.0   0.0   0.0   0.0   0.0  
  oDtrick                   1     11.0  13.0  5.0   2.0   0.0   83.3  100.0
  Rosa Perks                1     8.0   1.0   1.0   0.0   0.0   75.0  50.0 
  Rosa Perks6256            0     0.0   0.0   0.0   0.0   0.0   0.0   0.0  
  Spam1of1                  1     21.0  0.0   6.0   2.0   0.0   53.3  44.4 

=== PackemUpGang ===

  PLAYER                    G     PPG   RPG   APG   SPG   BPG   FG%   3P%  
  ----------------------------------------------------------------------
  Chino_BRGNDY              4     15.8  0.5   5.2   2.5   0.2   52.2  41.2 
  IGREENFORFUN354           3     11.3  0.3   3.0   0.3   0.0   48.1  47.1 
  iSmokeWitDaGoats          2     10.5  0.5   7.5   0.0   0.0   83.3  0.0  
  Louchalee                 4     17.2  6.5   2.8   0.8   0.8   55.1  54.2 
  PackEmUpGangDrew          4     13.2  7.0   5.0   0.2   0.5   62.2  11.1 
  StoryFundamental          3     13.0  8.0   7.3   1.3   0.7   66.7  57.1 

=== Superlatives ===

  PLAYER                    G     PPG   RPG   APG   SPG   BPG   FG%   3P%  
  ----------------------------------------------------------------------
  Duciples                  3     20.3  0.3   6.3   1.0   0.0   44.4  45.5 
  pGrinch                   3     19.0  0.3   2.0   2.3   0.0   43.5  35.3 
  Trahfic                   0     0.0   0.0   0.0   0.0   0.0   0.0   0.0  
  TreBxndz                  3     6.7   0.3   3.0   2.7   0.3   38.9  37.5 
  Wavyy                     3     3.7   3.7   1.0   1.7   0.3   18.8  23.1 

=== Dirty Birch ===

  PLAYER                    G     PPG   RPG   APG   SPG   BPG   FG%   3P%  
  ----------------------------------------------------------------------
  BigBagBlanco              0     0.0   0.0   0.0   0.0   0.0   0.0   0.0  
  BucketsCrosby10           1     6.0   0.0   1.0   0.0   0.0   50.0  50.0 
  chop7041                  8     9.6   3.9   1.6   1.6   0.2   56.2  56.1 
  Demaatic                  13    9.5   12.7  3.8   0.2   0.2   71.1  42.9 
  GLK40RTY                  3     10.3  1.0   1.3   1.3   0.0   52.2  53.8 
  Icy                       12    18.9  0.2   4.2   0.3   0.2   51.8  45.8 
  maS                       7     12.4  4.7   1.4   2.1   0.0   51.6  48.9 
  SKD SILKY                 10    11.5  1.1   2.5   1.5   0.3   53.2  55.4 
  Swaggy J                  11    12.8  0.9   9.7   0.5   0.3   44.0  42.2 

=== Fear Greatness ===

  PLAYER                    G     PPG   RPG   APG   SPG   BPG   FG%   3P%  
  ----------------------------------------------------------------------
  AustinReegs               0     0.0   0.0   0.0   0.0   0.0   0.0   0.0  
  Cole11wrld                0     0.0   0.0   0.0   0.0   0.0   0.0   0.0  
  Elitesteals               0     0.0   0.0   0.0   0.0   0.0   0.0   0.0  
  llRonjermeyll             0     0.0   0.0   0.0   0.0   0.0   0.0   0.0  
  xTrickyTy                 0     0.0   0.0   0.0   0.0   0.0   0.0   0.0  

=== UMSV Dolphins ===

  PLAYER                    G     PPG   RPG   APG   SPG   BPG   FG%   3P%  
  ----------------------------------------------------------------------
  II Aido II                2     3.5   3.0   2.5   1.5   0.5   42.9  20.0 
  KingMixtapeeTTV           2     8.0   1.5   2.0   1.5   0.0   45.5  33.3 
  ShowRWE                   2     9.0   15.0  4.0   0.0   0.0   54.5  66.7 
  Stormache                 2     11.0  0.5   1.5   2.0   0.5   69.2  57.1 
  Venom2K TTV               2     27.5  0.5   4.5   1.5   0.0   46.3  40.0 

=== Coatesville UPA ===

  PLAYER                    G     PPG   RPG   APG   SPG   BPG   FG%   3P%  
  ----------------------------------------------------------------------
  BudSkrt                   0     0.0   0.0   0.0   0.0   0.0   0.0   0.0  
  Envyzayyy                 7     22.0  0.0   2.9   1.1   0.0   64.0  61.0 
  Jlotto                    0     0.0   0.0   0.0   0.0   0.0   0.0   0.0  
  Leekbuckz99               0     0.0   0.0   0.0   0.0   0.0   0.0   0.0  
  LottoDaDon                6     11.3  7.0   2.3   1.3   0.0   63.8  37.5 
  Maj                       0     0.0   0.0   0.0   0.0   0.0   0.0   0.0  
  Rangeiana                 1     13.0  10.0  4.0   0.0   1.0   100.0 0.0  
  Seese                     7     17.0  0.4   11.4  1.3   0.0   46.6  46.0 
  ShaqLeonard               7     9.7   2.9   1.1   1.4   0.1   71.4  36.4 
  VerifiedEman              7     8.3   6.3   1.6   1.1   0.3   54.8  42.9 

=== New Era ===

  PLAYER                    G     PPG   RPG   APG   SPG   BPG   FG%   3P%  
  ----------------------------------------------------------------------
  Drippy SZN                8     20.8  0.8   6.2   1.1   0.1   47.1  42.3 
  EasyMoneyy                4     11.5  0.0   2.0   1.2   0.0   58.1  50.0 
  Jaay                      8     5.5   10.6  2.4   0.5   0.2   72.4  0.0  
  Marco HZ                  8     8.8   4.4   1.0   0.9   0.5   59.1  60.0 
  TF-ToFrio                 5     13.2  0.4   0.8   1.2   0.0   61.0  64.0 
  Thxcomeback               3     13.0  0.3   3.0   0.7   0.0   50.0  35.3 
  xBiberon                  4     4.5   1.2   2.0   1.5   0.2   35.3  40.0 

=== Above The Rim ===

  No players found

=== Undecided ===

  PLAYER                    G     PPG   RPG   APG   SPG   BPG   FG%   3P%  
  ----------------------------------------------------------------------
  AddictedttiGrxxn          1     14.0  0.0   3.0   3.0   0.0   66.7  50.0 
  Agaarax                   1     0.0   2.0   2.0   0.0   0.0   0.0   0.0  
  DrayKirilenko             1     13.0  0.0   1.0   2.0   0.0   66.7  50.0 
  StickDunkTv               1     6.0   14.0  3.0   0.0   0.0   60.0  0.0  
  xNotBando                 1     18.0  2.0   7.0   1.0   0.0   46.7  40.0 

=== Watch Greatness ===

  PLAYER                    G     PPG   RPG   APG   SPG   BPG   FG%   3P%  
  ----------------------------------------------------------------------
  Diorr WG                  1     3.0   9.0   1.0   4.0   0.0   50.0  100.0
  iFadey                    1     7.0   1.0   6.0   0.0   0.0   50.0  100.0
  N6AMATT                   0     0.0   0.0   0.0   0.0   0.0   0.0   0.0  
  NomaTejadaa               1     9.0   0.0   0.0   3.0   0.0   66.7  50.0 
  Rasidadon                 0     0.0   0.0   0.0   0.0   0.0   0.0   0.0  
  ThatYankeeFann            1     31.0  3.0   5.0   1.0   0.0   72.2  66.7 
  Zetta2k                   1     20.0  0.0   5.0   1.0   0.0   43.8  46.2 

=== SWVA Paradise ===

  PLAYER                    G     PPG   RPG   APG   SPG   BPG   FG%   3P%  
  ----------------------------------------------------------------------
  FenSins                   2     24.5  0.0   6.0   0.0   0.0   64.3  76.5 
  KingPlamer                0     0.0   0.0   0.0   0.0   0.0   0.0   0.0  
  l CheddR l                2     14.0  0.0   3.0   0.5   0.0   37.5  38.5 
  MajixSantana              2     9.0   1.5   1.0   1.0   0.0   50.0  44.4 
  Reedrix                   2     12.5  16.5  5.0   0.5   0.5   92.3  0.0  
  RR luv                    2     6.0   1.0   3.0   2.5   0.0   45.5  40.0 

=== Through The Wire ===

  PLAYER                    G     PPG   RPG   APG   SPG   BPG   FG%   3P%  
  ----------------------------------------------------------------------
  BiigTrussii               4     13.8  13.5  4.0   0.0   0.2   59.5  56.2 
  Excilents                 4     7.5   2.8   1.2   2.0   0.8   61.1  53.3 
  mac spams x               4     7.8   0.8   2.8   5.0   0.0   73.7  33.3 
  TrollMyBreak              4     21.5  0.5   0.8   1.0   0.0   47.8  41.5 
  ynCrab                    4     16.5  0.0   7.2   0.8   0.0   58.1  56.5 

=== All Honest Reps ===

  PLAYER                    G     PPG   RPG   APG   SPG   BPG   FG%   3P%  
  ----------------------------------------------------------------------
  BigGerm2x                 1     14.0  0.0   2.0   0.0   0.0   45.5  40.0 
  BigPlay                   2     8.5   7.0   4.5   1.0   1.0   53.8  42.9 
  drizzygetbusy01           1     15.0  12.0  2.0   0.0   1.0   63.6  100.0
  HotbiKeef28               2     12.5  0.5   4.5   0.5   0.0   34.8  38.5 
  HRBInoo                   2     12.0  7.0   6.0   1.0   0.0   50.0  33.3 
  Hrkeatyfries              0     0.0   0.0   0.0   0.0   0.0   0.0   0.0  
  itz_dreee                 1     13.0  7.0   2.0   0.0   2.0   83.3  100.0
  L_JMAY_L                  1     19.0  1.0   5.0   1.0   0.0   50.0  41.7 

=== Xtremely Xplicit ===

  No players found

=== RuntheClockBoyz ===

  PLAYER                    G     PPG   RPG   APG   SPG   BPG   FG%   3P%  
  ----------------------------------------------------------------------
  CTPallBearer              2     22.5  0.5   3.5   1.0   0.0   51.4  38.9 
  EJEX3                     2     5.0   1.0   8.0   1.0   0.0   44.4  66.7 
  K3E3                      2     14.0  11.0  4.5   1.0   1.0   68.4  0.0  
  Onefivemal                2     5.5   8.0   0.5   1.0   0.5   50.0  50.0 
  ZOMason5                  2     7.5   0.0   2.0   2.0   0.0   35.3  42.9 

=== Memphis Soundz ===

  PLAYER                    G     PPG   RPG   APG   SPG   BPG   FG%   3P%  
  ----------------------------------------------------------------------
  Boss_miller2              0     0.0   0.0   0.0   0.0   0.0   0.0   0.0  
  Hash_Otero                0     0.0   0.0   0.0   0.0   0.0   0.0   0.0  
  Kingjay6742               0     0.0   0.0   0.0   0.0   0.0   0.0   0.0  
  Mr_Magn1f1co              0     0.0   0.0   0.0   0.0   0.0   0.0   0.0  
  Tully-SZN                 0     0.0   0.0   0.0   0.0   0.0   0.0   0.0  
  TyParker91                0     0.0   0.0   0.0   0.0   0.0   0.0   0.0  

=== Abandoned Ones ===

  No players found

=== GodSpeed ===

  PLAYER                    G     PPG   RPG   APG   SPG   BPG   FG%   3P%  
  ----------------------------------------------------------------------
  CappnKK                   1     3.0   5.0   2.0   2.0   0.0   20.0  50.0 
  iSomersx                  1     2.0   0.0   0.0   1.0   0.0   25.0  0.0  
  itsKWill                  1     15.0  0.0   6.0   1.0   0.0   41.7  45.5 
  StopAtstrox               1     16.0  15.0  5.0   0.0   0.0   61.5  0.0  
  WhosNeeeko                1     20.0  1.0   0.0   0.0   0.0   43.8  42.9 

=== Stretch Belly Squad ===

  PLAYER                    G     PPG   RPG   APG   SPG   BPG   FG%   3P%  
  ----------------------------------------------------------------------
  Fredlers                  2     5.5   0.0   2.0   2.0   0.0   33.3  42.9 
  HunxchoG                  3     18.7  0.3   9.3   1.7   0.0   43.2  47.1 
  mr_vanillaface1           2     4.0   3.5   1.5   2.0   0.5   31.2  33.3 
  Saintistics               7     11.9  7.9   3.0   0.7   0.4   76.6  71.4 
  TenaciousRebound          2     13.0  12.0  2.0   0.5   0.0   84.6  0.0  
  xIceHay                   1     26.0  0.0   4.0   0.0   0.0   56.2  55.6 

=== Negative Zero ===

  PLAYER                    G     PPG   RPG   APG   SPG   BPG   FG%   3P%  
  ----------------------------------------------------------------------
  BlameChan                 8     14.1  1.4   3.4   1.8   0.1   51.7  48.8 
  BlameFendi                8     16.9  6.4   4.8   0.6   0.2   61.9  55.8 
  BlameSho                  3     26.7  0.0   1.7   0.7   0.0   58.8  54.5 
  BlameTokyo                5     13.2  6.6   3.4   1.2   0.2   56.2  45.0 
  CatchingBlessing          8     8.2   5.8   2.8   1.6   0.0   58.7  61.1 
  JitZeus                   3     6.7   1.3   1.7   2.7   0.0   41.2  44.4 
  TTV 4KJayW                5     15.4  0.4   5.0   0.2   0.0   46.6  48.6 

=== NoPlaysOff ===

  PLAYER                    G     PPG   RPG   APG   SPG   BPG   FG%   3P%  
  ----------------------------------------------------------------------
  ayJordan                  5     6.6   0.4   3.2   1.4   0.0   32.3  28.6 
  Clevonta                  5     12.2  10.4  4.8   0.6   0.2   61.4  23.1 
  isoTayy                   3     10.7  3.3   0.7   1.0   0.0   57.1  57.1 
  LukaQuancic               2     12.5  1.0   5.0   3.0   0.0   45.0  46.7 
  Manman3600                5     10.2  1.8   0.6   1.0   0.4   45.5  34.8 
  TopDottaGeniio            5     12.4  0.6   3.2   2.2   0.2   49.0  50.0 

=== Rise With Greatness ===

  PLAYER                    G     PPG   RPG   APG   SPG   BPG   FG%   3P%  
  ----------------------------------------------------------------------
  Jairo2K                   3     8.7   0.0   0.7   2.7   0.0   66.7  54.5 
  Mvsephh                   3     15.0  12.3  5.7   0.7   0.0   91.3  0.0  
  Vaunington                3     17.3  0.0   4.7   2.3   0.0   50.0  51.9 
  xFIFTY                    3     10.3  5.7   1.3   0.7   0.3   47.6  46.2 
  YoWifesATowel             3     13.7  0.7   6.7   0.3   0.0   50.0  47.1 

=== Above Gravity ===

  PLAYER                    G     PPG   RPG   APG   SPG   BPG   FG%   3P%  
  ----------------------------------------------------------------------
  AlwaysBino                6     6.3   4.8   1.3   1.8   0.3   59.3  28.6 
  AnTXBHF TTV               4     7.0   0.5   2.0   2.2   0.0   44.0  37.5 
  BluHawk92                 7     10.0  0.1   2.3   1.1   0.1   50.9  47.1 
  juicexbhf                 4     7.5   11.5  1.2   0.5   0.0   56.0  0.0  
  MoonSurffTTV              15    15.5  1.4   2.8   0.9   0.2   48.7  45.0 
  Sam3 ol G                 14    7.7   9.1   2.9   0.4   0.6   61.3  48.1 
  SOGxRL2JAVE               7     8.1   1.7   1.3   0.9   0.0   71.0  58.8 
  TooToxicToni              1     2.0   3.0   22.0  0.0   0.0   20.0  0.0  
  vSuper l                  3     9.3   0.3   0.7   1.3   0.0   50.0  27.3 
  WHOTFISWAYNE              14    14.8  0.8   6.4   1.3   0.0   52.0  45.0 

=== Graveyard Shift ===

  No players found

=== Do Not Disturb ===

  PLAYER                    G     PPG   RPG   APG   SPG   BPG   FG%   3P%  
  ----------------------------------------------------------------------
  BTA_Dozier                12    10.4  0.7   1.7   2.2   0.3   58.8  46.0 
  Buckatory                 9     8.4   4.6   3.4   2.0   0.9   50.0  53.7 
  C4 Vett                   3     8.3   6.3   0.7   0.7   0.0   56.2  58.3 
  C4_Kamo                   11    15.5  0.8   7.1   0.5   0.1   45.9  40.5 
  Fast_Slips                8     10.1  14.2  3.5   0.4   0.2   82.2  0.0  
  IIIPerc                   1     19.0  1.0   3.0   2.0   0.0   53.8  50.0 
  Jdognoss                  1     42.0  1.0   5.0   1.0   0.0   54.8  61.5 
  MONEYMADEB                1     4.0   12.0  3.0   0.0   0.0   100.0 0.0  
  RelayFC                   2     17.0  1.0   3.0   0.5   0.0   9.2   45.5 
  Rythums                   9     22.1  0.0   3.0   2.8   0.3   53.3  54.3 
  Smokee 2x                 3     7.3   14.3  2.7   0.0   0.0   52.6  20.0